<Frame>: Container1
<Transform>: -1.08 0 10 0 0 0 1 1 1 0 0 0 1  
<TransformMatrix>: 1 0 0 0 0 1 0 0 0 0 1 0 -1.08 0 10 1  
<Bounds>: 10.8 13.04434 -100 26 13.14434 14.30539

<Frame>: Container2
<Transform>: -1.08 0 5.5 0 0 0 1 1 1 0 0 0 1  
<TransformMatrix>: 1 0 0 0 0 1 0 0 0 0 1 0 -1.08 0 5.5 1  
<Bounds>: 10.8 13.04434 -55 26 13.14434 14.30539

<Frame>: Container3
<Transform>: -1.08 0 1 0 0 0 1 1 1 0 0 0 1  
<TransformMatrix>: 1 0 0 0 0 1 0 0 0 0 1 0 -1.08 0 1 1  
<Bounds>: 10.8 13.04434 -10 26 13.14434 14.30539

<Frame>: Container4
<Transform>: -1.08 0 -3.5 0 0 0 1 1 1 0 0 0 1  
<TransformMatrix>: 1 0 0 0 0 1 0 0 0 0 1 0 -1.08 0 -3.5 1  
<Bounds>: 10.8 13.04434 35 26 13.14434 14.30539

<Frame>: Container5
<Transform>: -1.08 0 -8 0 0 0 1 1 1 0 0 0 1  
<TransformMatrix>: 1 0 0 0 0 1 0 0 0 0 1 0 -1.08 0 -8 1  
<Bounds>: 10.8 13.04434 80 26 13.14434 14.30539

<Frame>: Container6
<Transform>: -1.08 0 -12.5 0 0 0 1 1 1 0 0 0 1  
<TransformMatrix>: 1 0 0 0 0 1 0 0 0 0 1 0 -1.08 0 -12.5 1  
<Bounds>: 10.8 13.04434 125 26 13.14434 14.30539

<Frame>: Container7
<Transform>: -1.08 0 -17 0 0 0 1 1 1 0 0 0 1  
<TransformMatrix>: 1 0 0 0 0 1 0 0 0 0 1 0 -1.08 0 -17 1  
<Bounds>: 10.8 13.04434 170 26 13.14434 14.30539

<Frame>: Container8
<Transform>: -1.08 0 -21.5 0 0 0 1 1 1 0 0 0 1  
<TransformMatrix>: 1 0 0 0 0 1 0 0 0 0 1 0 -1.08 0 -21.5 1  
<Bounds>: 10.8 13.04434 215 26 13.14434 14.30539

<Frame>: Container9
<Transform>: -1.08 0 10 0 0 0 1 1 1 0 0 0 1  
<TransformMatrix>: 1 0 0 0 0 1 0 0 0 0 1 0 -1.08 0 10 1  
<Bounds>: 75.8 13.04434 -100 26 13.14434 14.30539

<Frame>: Container10
<Transform>: -1.08 0 5.5 0 0 0 1 1 1 0 0 0 1  
<TransformMatrix>: 1 0 0 0 0 1 0 0 0 0 1 0 -1.08 0 5.5 1  
<Bounds>: 75.8 13.04434 -55 26 13.14434 14.30539

<Frame>: Container11
<Transform>: -1.08 0 1 0 0 0 1 1 1 0 0 0 1  
<TransformMatrix>: 1 0 0 0 0 1 0 0 0 0 1 0 -1.08 0 1 1  
<Bounds>: 75.8 13.04434 -10 26 13.14434 14.30539

<Frame>: Container12
<Transform>: -0.29 0 -2.72 0 25.14427 0 1 1 1 0 0.2176686 0 0.9760228  
<TransformMatrix>: 0.9052408 0 -0.424899 0 0 1 0 0 0.424899 0 0.9052408 0 -0.29 0 -2.72 1  
<Bounds>: 67.9 13.04434 27.2 29.6146 13.14435 23.9972

<Frame>: Container13
<Transform>: -1.08 0 -8 0 0 0 1 1 1 0 0 0 1  
<TransformMatrix>: 1 0 0 0 0 1 0 0 0 0 1 0 -1.08 0 -8 1  
<Bounds>: 75.8 13.04434 80 26 13.14434 14.30539

<Frame>: Container14
<Transform>: -1.08 0 -12.5 0 0 0 1 1 1 0 0 0 1  
<TransformMatrix>: 1 0 0 0 0 1 0 0 0 0 1 0 -1.08 0 -12.5 1  
<Bounds>: 75.8 13.04434 125 26 13.14434 14.30539

<Frame>: Container15
<Transform>: -1.08 0 -17 0 0 0 1 1 1 0 0 0 1  
<TransformMatrix>: 1 0 0 0 0 1 0 0 0 0 1 0 -1.08 0 -17 1  
<Bounds>: 75.8 13.04434 170 26 13.14434 14.30539

<Frame>: Container16
<Transform>: -1.08 0 -21.5 0 0 0 1 1 1 0 0 0 1  
<TransformMatrix>: 1 0 0 0 0 1 0 0 0 0 1 0 -1.08 0 -21.5 1  
<Bounds>: 75.8 13.04434 215 26 13.14434 14.30539

<Frame>: Container17
<Transform>: -1.08 0 -12.5 0 0 0 1 1 1 0 0 0 1  
<TransformMatrix>: 1 0 0 0 0 1 0 0 0 0 1 0 -1.08 0 -12.5 1  
<Bounds>: 75.8 13.04434 125 26 13.14434 14.30539

<Frame>: Container18
<Transform>: -0.34 0 9.92 0 321.9714 0 1 1 1 0 -0.325804 0 0.9454374  
<TransformMatrix>: 0.7877035 0 0.6160545 0 0 1 0 0 -0.6160545 0 0.7877035 0 -0.34 0 9.92 1  
<Bounds>: 133.4 13.04434 -99.2 29.29319 13.14435 27.28583

<Frame>: Container19
<Transform>: -1.08 0 5.5 0 0 0 1 1 1 0 0 0 1  
<TransformMatrix>: 1 0 0 0 0 1 0 0 0 0 1 0 -1.08 0 5.5 1  
<Bounds>: 140.8 13.04434 -55 26 13.14434 14.30539

<Frame>: Container20
<Transform>: -1.08 0 1 0 0 0 1 1 1 0 0 0 1  
<TransformMatrix>: 1 0 0 0 0 1 0 0 0 0 1 0 -1.08 0 1 1  
<Bounds>: 140.8 13.04434 -10 26 13.14434 14.30539

<Frame>: Container21
<Transform>: -1.08 0 -3.5 0 0 0 1 1 1 0 0 0 1  
<TransformMatrix>: 1 0 0 0 0 1 0 0 0 0 1 0 -1.08 0 -3.5 1  
<Bounds>: 140.8 13.04434 35 26 13.14434 14.30539

<Frame>: Container22
<Transform>: -1.08 0 -8 0 0 0 1 1 1 0 0 0 1  
<TransformMatrix>: 1 0 0 0 0 1 0 0 0 0 1 0 -1.08 0 -8 1  
<Bounds>: 140.8 13.04434 80 26 13.14434 14.30539

<Frame>: Container23
<Transform>: -1.08 0 -12.5 0 0 0 1 1 1 0 0 0 1  
<TransformMatrix>: 1 0 0 0 0 1 0 0 0 0 1 0 -1.08 0 -12.5 1  
<Bounds>: 140.8 13.04434 125 26 13.14434 14.30539

<Frame>: Container24
<Transform>: -1.08 0 -17 0 0 0 1 1 1 0 0 0 1  
<TransformMatrix>: 1 0 0 0 0 1 0 0 0 0 1 0 -1.08 0 -17 1  
<Bounds>: 140.8 13.04434 170 26 13.14434 14.30539

<Frame>: Container25
<Transform>: -1.08 0 -21.5 0 0 0 1 1 1 0 0 0 1  
<TransformMatrix>: 1 0 0 0 0 1 0 0 0 0 1 0 -1.08 0 -21.5 1  
<Bounds>: 140.8 13.04434 215 26 13.14434 14.30539

<Frame>: Container26
<Transform>: -1.08 2.03 -12.5 0 0 0 1 1 1 0 0 0 1  
<TransformMatrix>: 1 0 0 0 0 1 0 0 0 0 1 0 -1.08 2.03 -12.5 1  
<Bounds>: 140.8 33.34434 125 26 13.14434 14.30539

<Frame>: Container27
<Transform>: -1.08 1.99 -8 0 0 0 1 1 1 0 0 0 1  
<TransformMatrix>: 1 0 0 0 0 1 0 0 0 0 1 0 -1.08 1.99 -8 1  
<Bounds>: 140.8 32.94434 80 26 13.14434 14.30539

<Frame>: Container28
<Transform>: -1.09 2.45 -18.59 0 292.5004 0 1 1 1 0 -0.5555677 0 0.8314713  
<TransformMatrix>: 0.382689 0 0.9238773 0 0 1 0 0 -0.9238773 0 0.382689 0 -1.09 2.45 -18.59 1  
<Bounds>: 140.9 37.54434 185.9 23.16634 13.14435 29.49533

<Frame>: Container29
<Transform>: -1.08 0 10 0 0 0 1 1 1 0 0 0 1  
<TransformMatrix>: 1 0 0 0 0 1 0 0 0 0 1 0 -1.08 0 10 1  
<Bounds>: 205.8 13.04434 -100 26 13.14434 14.30539

<Frame>: Container30
<Transform>: -1.08 0 5.5 0 0 0 1 1 1 0 0 0 1  
<TransformMatrix>: 1 0 0 0 0 1 0 0 0 0 1 0 -1.08 0 5.5 1  
<Bounds>: 205.8 13.04434 -55 26 13.14434 14.30539

<Frame>: Container31
<Transform>: -1.08 0 1 0 0 0 1 1 1 0 0 0 1  
<TransformMatrix>: 1 0 0 0 0 1 0 0 0 0 1 0 -1.08 0 1 1  
<Bounds>: 205.8 13.04434 -10 26 13.14434 14.30539

<Frame>: Container32
<Transform>: -1.08 0 -3.5 0 0 0 1 1 1 0 0 0 1  
<TransformMatrix>: 1 0 0 0 0 1 0 0 0 0 1 0 -1.08 0 -3.5 1  
<Bounds>: 205.8 13.04434 35 26 13.14434 14.30539

<Frame>: Container33
<Transform>: -1.08 0 -8 0 0 0 1 1 1 0 0 0 1  
<TransformMatrix>: 1 0 0 0 0 1 0 0 0 0 1 0 -1.08 0 -8 1  
<Bounds>: 205.8 13.04434 80 26 13.14434 14.30539

<Frame>: Container34
<Transform>: -1.08 0 -12.5 0 0 0 1 1 1 0 0 0 1  
<TransformMatrix>: 1 0 0 0 0 1 0 0 0 0 1 0 -1.08 0 -12.5 1  
<Bounds>: 205.8 13.04434 125 26 13.14434 14.30539

<Frame>: Container35
<Transform>: -1.08 0 -17 0 0 0 1 1 1 0 0 0 1  
<TransformMatrix>: 1 0 0 0 0 1 0 0 0 0 1 0 -1.08 0 -17 1  
<Bounds>: 205.8 13.04434 170 26 13.14434 14.30539

<Frame>: Container36
<Transform>: -1.08 0 -21.5 0 0 0 1 1 1 0 0 0 1  
<TransformMatrix>: 1 0 0 0 0 1 0 0 0 0 1 0 -1.08 0 -21.5 1  
<Bounds>: 205.8 13.04434 215 26 13.14434 14.30539

<Frame>: Container37
<Transform>: -1.08 2.07 -8 0 0 0 1 1 1 0 0 0 1  
<TransformMatrix>: 1 0 0 0 0 1 0 0 0 0 1 0 -1.08 2.07 -8 1  
<Bounds>: 205.8 33.74434 80 26 13.14434 14.30539

<Frame>: Container38
<Transform>: -1.08 0 10 0 0 0 1 1 1 0 0 0 1  
<TransformMatrix>: 1 0 0 0 0 1 0 0 0 0 1 0 -1.08 0 10 1  
<Bounds>: 270.8 13.04434 -100 26 13.14434 14.30539

<Frame>: Container39
<Transform>: -1.08 0 5.5 0 0 0 1 1 1 0 0 0 1  
<TransformMatrix>: 1 0 0 0 0 1 0 0 0 0 1 0 -1.08 0 5.5 1  
<Bounds>: 270.8 13.04434 -55 26 13.14434 14.30539


<Frame>: Container40
<Transform>: -1.14 0 1.18 0 282.295 0 1 1 1 0 -0.6273175 0 0.7787636  
<TransformMatrix>: 0.2129455 0 0.977064 0 0 1 0 0 -0.977064 0 0.2129455 0 -1.14 0 1.18 1  
<Bounds>: 271.4 13.04434 -11.8 19.51385 13.14434 28.44993
						
<Frame>: Container41
<Transform>: -1.08 0 -3.5 0 0 0 1 1 1 0 0 0 1  
<TransformMatrix>: 1 0 0 0 0 1 0 0 0 0 1 0 -1.08 0 -3.5 1  
<Bounds>: 270.8 13.04434 35 26 13.14434 14.30539
						
<Frame>: Container42
<Transform>: -1.53 0 -10.14 0 0 0 1 1 1 0 0 0 1  
<TransformMatrix>: 1 0 0 0 0 1 0 0 0 0 1 0 -1.53 0 -10.14 1  
<Bounds>: 275.3 13.04434 101.4 26 13.14434 14.30539				

<Frame>: Container43
<Transform>: -1.2 0 -15.3 0 0 0 1 1 1 0 0 0 1  
<TransformMatrix>: 1 0 0 0 0 1 0 0 0 0 1 0 -1.2 0 -15.3 1  
<Bounds>: 272 13.04434 153 26 13.14434 14.30539
						
<Frame>: Container44
<Transform>: -1.08 0 -21.5 0 0 0 1 1 1 0 0 0 1  
<TransformMatrix>: 1 0 0 0 0 1 0 0 0 0 1 0 -1.08 0 -21.5 1  
<Bounds>: 270.8 13.04434 215 26 13.14434 14.30539
						
<Frame>: Container45
<Transform>: -1.08 0 10 0 0 0 1 1 1 0 0 0 1  
<TransformMatrix>: 1 0 0 0 0 1 0 0 0 0 1 0 -1.08 0 10 1  
<Bounds>: 335.8 13.04434 -100 26 13.14434 14.30539
						
<Frame>: Container46
<Transform>: -1.08 0 5.5 0 0 0 1 1 1 0 0 0 1  
<TransformMatrix>: 1 0 0 0 0 1 0 0 0 0 1 0 -1.08 0 5.5 1  
<Bounds>: 335.8 13.04434 -55 26 13.14434 14.30539
						

<Frame>: Container47
<Transform>: -1.08 0 1 0 0 0 1 1 1 0 0 0 1  
<TransformMatrix>: 1 0 0 0 0 1 0 0 0 0 1 0 -1.08 0 1 1  
<Bounds>: 335.8 13.04434 -10 26 13.14434 14.30539
						

<Frame>: Container48
<Transform>: -1.08 0 -3.5 0 0 0 1 1 1 0 0 0 1  
<TransformMatrix>: 1 0 0 0 0 1 0 0 0 0 1 0 -1.08 0 -3.5 1  
<Bounds>: 335.8 13.04434 35 26 13.14434 14.30539
						

<Frame>: Container49
<Transform>: -1.08 0 10 0 0 0 1 1 1 0 0 0 1  
<TransformMatrix>: 1 0 0 0 0 1 0 0 0 0 1 0 -1.08 0 10 1  
<Bounds>: 400.8 13.04434 -100 26 13.14434 14.30539
						
<Frame>: Container50
<Transform>: -1.08 0 1 0 0 0 1 1 1 0 0 0 1  
<TransformMatrix>: 1 0 0 0 0 1 0 0 0 0 1 0 -1.08 0 1 1  
<Bounds>: 400.8 13.04434 -10 26 13.14434 14.30539
						

<Frame>: Container51
<Transform>: -1.08 0 -3.5 0 0 0 1 1 1 0 0 0 1  
<TransformMatrix>: 1 0 0 0 0 1 0 0 0 0 1 0 -1.08 0 -3.5 1  
<Bounds>: 400.8 13.04434 35 26 13.14434 14.30539
						

<Frame>: Container52
<Transform>: -51.57 0 8.54 0 306.6484 0 1 1 1 0 -0.4489418 0 0.8935611  
<TransformMatrix>: 0.5969026 0 0.8023137 0 0 1 0 0 -0.8023137 0 0.5969026 0 -51.57 0 8.54 1  
<Bounds>: 515.7 13.04434 -85.4 26.99689 13.14435 29.39908
					

<Frame>: Container53
<Transform>: -46.42 0 10.18 0 0 0 1 1 1 0 0 0 1  
<TransformMatrix>: 1 0 0 0 0 1 0 0 0 0 1 0 -46.42 0 10.18 1  
<Bounds>: 464.2 13.04434 -101.8 26 13.14434 14.30539
					

<Frame>: Container54
<Transform>: -47.98 0 8.13 2.504478E-06 0 0 1 1 1 2.185569E-08 0 0 1  
<TransformMatrix>: 1 0 0 0 0 1 4.371139E-08 0 0 -4.371139E-08 1 0 -47.98 0 8.13 1  
<Bounds>: 479.8 6.139352 -81.3 8.124054 6.154553 5.801025
						
					<Frame>: Container55
						<Transform>: -46.13 0 7.699999 2.504479E-06 35.88805 5.088888E-13 1 1 1 2.07926E-08 0.3080877 -6.73347E-09 0.951358  
						<TransformMatrix>: 0.8101639 8.881784E-15 -0.5862034 0 2.562377E-08 1 3.541341E-08 0 0.5862034 -4.371141E-08 0.8101639 0 -46.13 0 7.699999 1  
					<Bounds>: 461.3 6.139352 -76.99998 9.982391 6.154553 9.462128
						<Children>: 0
					

					<Frame>: Container56
						<Transform>: -47.85 0.61 5.189999 359.3058 272.4232 15.97516 1 1 1 -0.1004876 -0.6846632 0.09616111 0.715466  
						<TransformMatrix>: 0.04397875 0.2752004 0.9603804 0 3.129244E-07 0.9613106 -0.2754669 0 -0.9990325 0.012115 0.0422771 0 -47.85 0.61 5.189999 1  
					<Bounds>: 478.5 18.63966 -48.3067 15.435 19.96432 29.19551
						

					<Frame>: Container57
						<Transform>: -47.93 2.48 10.16 0 352.4554 0 1 1 1 0 -0.06579201 0 0.9978334  
						<TransformMatrix>: 0.9913428 0 0.1312989 0 0 1 0 0 -0.1312989 0 0.9913428 0 -47.93 2.48 10.16 1  
					<Bounds>: 479.3 37.84434 -101.6 27.6532 13.14434 17.59531
						

					<Frame>: Container58
						<Transform>: -41.66 0 3.34 2.504479E-06 35.88805 5.088888E-13 1 1 1 2.07926E-08 0.3080877 -6.73347E-09 0.951358  
						<TransformMatrix>: 0.8101639 8.881784E-15 -0.5862034 0 2.562377E-08 1 3.541341E-08 0 0.5862034 -4.371141E-08 0.8101639 0 -41.66 0 3.34 1  
					<Bounds>: 416.6 6.139352 -33.4 9.982391 6.154553 9.462128
						

					<Frame>: Container59
						<Transform>: -7.580002 2.66 3.360001 0 274.0663 0 1 1 1 0 -0.6815749 0 0.7317483  
						<TransformMatrix>: 0.07091135 0 0.9974826 0 0 1 0 0 -0.9974826 0 0.07091135 0 -7.580002 2.66 3.360001 1  
					<Bounds>: 75.80002 39.64434 -33.60001 16.11307 13.14434 26.94896
						

					<Frame>: Container60
						<Transform>: -11.06 2.66 3.360001 0 268.2697 0 1 1 1 0 -0.7177027 0 0.6963497  
						<TransformMatrix>: -0.03019452 0 0.9995441 0 0 1 0 0 -0.9995441 0 -0.03019452 0 -11.06 2.66 3.360001 1  
					<Bounds>: 110.6 39.64434 -33.60001 15.08392 13.14435 26.42009
						

					<Frame>: Container61
						<Transform>: -14.38 2.66 3.360001 0 268.2697 0 1 1 1 0 -0.7177027 0 0.6963497  
						<TransformMatrix>: -0.03019452 0 0.9995441 0 0 1 0 0 -0.9995441 0 -0.03019452 0 -14.38 2.66 3.360001 1  
					<Bounds>: 143.8 39.64434 -33.60001 15.08392 13.14435 26.42009
						

					<Frame>: Container62
						<Transform>: -17.75 2.66 3.62 0 268.2697 0 1 1 1 0 -0.7177027 0 0.6963497  
						<TransformMatrix>: -0.03019452 0 0.9995441 0 0 1 0 0 -0.9995441 0 -0.03019452 0 -17.75 2.66 3.62 1  
					<Bounds>: 177.5 39.64434 -36.2 15.08392 13.14435 26.42009
						

					<Frame>: Container63
						<Transform>: -21.18 2.66 3.5 0 253.7476 0 1 1 1 0 -0.7999591 0 0.6000546  
						<TransformMatrix>: -0.279869 0 0.9600382 0 0 1 0 0 -0.9600382 0 -0.279869 0 -21.18 2.66 3.5 1  
					<Bounds>: 211.8 39.64434 -35 21.01031 13.14434 28.96462
						

					<Frame>: Container64E
						<Transform>: -26.38 2.66 3.56 0 275.111 0 1 1 1 0 -0.674876 0 0.7379312  
						<TransformMatrix>: 0.08908486 0 0.9960241 0 0 1 0 0 -0.9960241 0 0.08908486 0 -26.38 2.66 3.56 1  
					<Bounds>: 263.8 39.64434 -35.6 16.56472 13.14434 27.17102